2 2 2 2 2 2 2 2 2 2 2 2 2 2 2 2 2 2 2 2
2000 L
12 3 4 66 14 23 76 11 32 14 32 11 12 31 32
24551 L
12 3 4 66 14 23 76 11 32 14 32 11 12 31 21
20835 N
11 6 2 36 9 16 21 2 36 11
15070 L
11 6 23 9 36 12 36 11 1222 323 4 2 62
16212 N
1 2 3
7 N
1 2 3
9 L
1 2 3 4 5 6 7 8 9 10 11 12 13 14 15 16 17 18 19 20
15580 L
1 2 3 4 5 6 7 8 9 10
15580 L
1 2 3 4 5 6 7 8 9 10                  
782 N
1 2 3 4 5 6 7 8 9 10 11 12 13 14 15 16 17 18 19 20 1 2 3 4 5 6 7 8 9 10 11 12 3 4 5 6 7 8 9 10
42525 N
1 2 3 4 5 6 7 8 9 10 11 12 13 14 15 16 17 18 19 20 1 2 3 4 5 6 7 8 9 10 11 12 3 4 5 6 7 8 9 10 11 12 13 14 15 16 17 18 19 20 
41148 N
1 2 3 4 5 6 7 8 9 10 11 12 13 14 15 16 17 18 19 20 1 2 3 4 5 6 7 8 9 10 11 12 3 4 5 6 7 8 9 10 11 12 13 14 15 16 17 18 19 20 
84144 L
1 2 3 4 5 6 7 8 9 10 11 12 13 14 15 16 17 18 19 20 1 2 3 4 5 6 7 8 9 10 11 12 3 4 5 6 7 8 9 10 11 12 13 14 15 16 17 18 19 20 2 2 2 2 2 2 2 2 2 2
80002 N
1 2 3 4 5 6 7 8 9 10 11 12 13 14 15 16 17 18 19 20 1 2 3 4 5 6 7 8 9 10 11 12 3 4 5 6 7 8 9 10 11 12 13 14 15 16 17 18 19 20 2 2 2 2 2 2 2 2 2 2
85166 L
1 2 3 4 5 6 7 8 9 10 11 12 13 14 15 16 17 18 19 20 1 2 3 4 5 6 7 8 9 10 11 12 3 4 5 6 7 8 9 10 11 12 13 14 15 16 17 18 19 20 2 2 2 2 2 2 2 2 2 2 2 2 2 2 2 2 2 2
100212 L
1 2 3 4 5 6 7 8 9 10 11 12 13 14 15 16 17 18 19 20 1 2 3 4 5 6 7 8 9 10 11 12 3 4 5 6 7 8 9 10 11 12 13 14 15 16 17 18 19 20 2 2 2 2 2 2 2 2 2 2 2 2 2 2 2 2 2 2
102488 N
2 2 2 2 2 2 2 2 2 2 2 2 2 2 2 2 2 2 2 2 2 2 2 2 2 2 2 2 2 2 2 2 2 2 2 2 2 2 2 2 2 2 2 2 2 2 2 2 2 2 2 2 2 2 2 2 2 2 2 2 2 2
19999 L
10 100 1000
2000 N
10 100 1000
2000 L